 1   100 366  24 27
 2   726 271  11 15
 3   343 814  17 18
 4   184 299  27 11
 5   278 205  18 15
 6   286 803  15 24
 7   947 956  5 10
 8   869 850  17 19
 9   313 89  15 12
 10   775 764  22 28
 11   953 224  15 19
 12   306 705  26 20
 13   288 876  18 16
 14   86 820  17 16
 15   379 253  17 29
 16   135 841  27 24
 17   536 873  23 27
 18   883 876  15 23
 19   136 677  12 23
 20   9 945  23 27
 21   417 131  18 23
 22   65 224  11 14
 23   551 33  29 14
 24   54 924  28 16
 25   962 53  20 25
 26   947 339  14 18
 27   745 115  23 15
 28   81 311  10 22
 29   224 827  24 23
 30   657 805  19 17
 31   296 504  22 17
 32   837 645  22 27
 33   534 370  19 16
 34   302 357  20 24
 35   131 941  18 10
 36   491 968  17 23
 37   635 72  28 24
 38   322 35  11 8
 39   313 901  15 19
 40   274 217  20 10
 41   635 475  28 21
 42   586 265  12 24
 43   60 143  21 23
 44   360 30  12 12
 45   418 890  14 28
 46   961 558  28 25
 47   563 973  24 16
 48   787 656  19 25
 49   262 28  24 10
 50   384 4  14 26
 51   274 772  12 17
 52   263 697  18 23
 53   409 166  15 12
 54   433 538  25 16
 55   337 300  24 28
 56   111 297  18 6
 57   830 51  11 10
 58   201 205  16 18
 59   117 317  16 16
 60   543 65  29 27
 61   752 487  25 23
 62   878 852  17 25
 63   119 639  23 16
 64   401 160  20 12
 65   11 457  14 15
 66   937 493  20 18
 67   49 208  25 17
 68   249 86  11 13
 69   887 133  28 23
 70   789 151  27 21
 71   50 780  18 23
 72   968 838  23 10
 73   153 821  21 29
 74   658 402  26 10
 75   389 589  28 13
 76   871 438  11 25
 77   880 650  12 19
 78   242 958  22 16
 79   174 563  17 19
 80   546 971  29 16
 81   78 156  26 29
 82   124 552  22 20
 83   628 222  24 29
 84   20 266  15 29
 85   105 317  28 23
 86   260 639  10 11
 87   606 383  10 26
 88   932 194  22 26
 89   82 37  20 11
 90   609 70  15 18
 91   574 651  26 11
 92   628 199  19 27
 93   304 24  21 14
 94   375 16  15 14
 95   218 137  23 28
 96   373 599  28 18
 97   522 77  29 12
 98   365 126  29 28
 99   887 463  13 22
 100   872 51  7 4
 101   492 593  15 10
 102   394 818  10 14
 103   602 721  10 29
 104   713 122  14 20
 105   779 740  15 25
 106   965 841  16 12
 107   667 331  26 12
 108   769 356  22 13
 109   312 48  26 15
 110   931 972  19 19
 111   32 962  16 11
 112   592 281  10 14
 113   896 745  17 23
 114   352 590  28 11
 115   60 551  25 14
 116   173 348  21 14
 117   117 920  10 19
 118   849 90  21 17
 119   285 434  27 11
 120   219 361  16 29
 121   261 53  13 22
 122   538 690  26 13
 123   883 646  28 15
 124   109 542  25 21
 125   727 255  29 17
 126   532 792  16 21
 127   692 911  14 21
 128   678 172  24 15
 129   613 496  14 29
 130   338 326  14 26
 131   778 516  26 28
 132   589 559  10 11
 133   961 455  29 10
 134   57 25  14 29
 135   210 88  15 27
 136   150 849  16 17
 137   954 532  19 12
 138   655 230  13 26
 139   879 648  13 15
 140   145 174  26 19
 141   88 184  28 25
 142   67 545  14 16
 143   431 73  15 16
 144   695 411  27 25
 145   704 875  12 13
 146   123 218  24 24
 147   877 668  23 15
 148   373 123  28 29
 149   459 254  14 18
 150   346 683  27 18
 151   415 779  18 12
 152   320 880  15 13
 153   979 204  19 26
 154   827 570  25 24
 155   860 810  22 21
 156   31 190  5 16
 157   870 49  14 22
 158   404 422  22 23
 159   141 181  17 28
 160   328 411  29 11
 161   1 668  14 13
 162   552 149  15 25
 163   703 849  21 16
 164   9 965  11 22
 165   281 727  20 29
 166   361 358  13 18
 167   752 672  3 6
 168   477 458  17 21
 169   164 775  29 20
 170   905 767  29 27
 171   554 403  26 24
 172   857 34  16 23
 173   624 775  17 22
 174   349 841  12 22
 175   793 264  15 17
 176   378 121  20 10
 177   600 122  27 27
 178   622 940  27 20
 179   424 783  10 24
 180   884 478  14 26
 181   580 240  10 27
 182   499 566  25 29
 183   32 878  22 25
 184   356 518  17 28
 185   946 456  13 16
 186   431 224  26 16
 187   266 72  27 15
 188   447 425  12 11
 189   520 372  29 24
 190   435 656  28 28
 191   711 766  27 29
 192   402 617  23 18
 193   15 64  13 18
 194   968 170  10 20
 195   310 30  10 15
 196   623 19  28 20
 197   841 357  25 29
 198   165 328  29 22
 199   750 950  23 25
 200   38 644  8 9
 201   432 675  18 26
 202   158 350  6 4
 203   397 972  13 11
 204   402 295  17 23
 205   969 18  18 20
 206   77 304  14 12
 207   221 36  14 27
 208   640 98  16 21
 209   540 163  25 15
 210   647 301  22 14
 211   326 229  12 18
 212   641 835  24 27
 213   124 246  17 19
 214   601 575  24 22
 215   52 132  27 21
 216   507 909  10 10
 217   464 772  17 17
 218   388 336  21 24
 219   589 226  29 29
 220   924 26  26 21
 221   623 427  25 26
 222   800 646  18 13
 223   542 490  11 28
 224   848 372  22 29
 225   198 509  16 6
 226   317 751  26 16
 227   0 944  24 25
 228   109 870  15 17
 229   687 878  20 15
 230   905 844  28 25
 231   111 719  19 10
 232   699 629  24 16
 233   178 906  11 19
 234   326 765  17 17
 235   617 858  10 14
 236   790 701  4 15
 237   567 627  14 25
 238   209 2  11 13
 239   603 852  20 22
 240   461 428  25 19
 241   442 431  22 17
 242   253 22  17 11
 243   580 202  13 25
 244   586 900  14 18
 245   35 633  10 19
 246   268 18  22 25
 247   35 221  19 17
 248   519 206  17 22
 249   635 851  8 6
 250   230 168  19 25
 251   495 240  10 22
 252   874 441  29 29
 253   485 83  23 25
 254   680 14  13 14
 255   659 944  13 13
 256   560 215  14 17
 257   640 667  17 28
 258   642 594  25 11
 259   326 602  17 22
 260   892 654  15 26
 261   209 850  27 22
 262   372 138  15 24
 263   526 706  21 27
 264   510 811  29 16
 265   818 693  13 21
 266   596 289  18 18
 267   296 92  27 17
 268   549 225  22 28
 269   34 4  28 21
 270   687 18  28 22
 271   160 946  25 16
 272   406 123  11 19
 273   355 819  24 24
 274   838 171  23 16
 275   46 392  14 16
 276   793 637  25 15
 277   714 264  10 28
 278   426 917  25 27
 279   594 53  19 27
 280   226 188  13 16
 281   732 758  27 10
 282   539 971  22 17
 283   799 529  12 17
 284   492 628  12 11
 285   766 895  17 24
 286   29 250  12 25
 287   452 745  16 13
 288   961 389  29 11
 289   717 862  17 27
 290   944 786  11 26
 291   892 537  29 24
 292   50 985  24 12
 293   9 439  18 17
 294   600 718  28 14
 295   359 370  18 21
 296   870 447  20 25
 297   675 862  16 29
 298   878 883  22 29
 299   316 30  22 18
 300   139 227  13 25
 301   921 918  21 15
 302   745 844  17 10
 303   696 749  21 16
 304   721 494  23 22
 305   63 646  11 12
 306   755 228  17 15
 307   653 123  10 26
 308   341 549  22 12
 309   5 398  14 22
 310   407 930  27 12
 311   886 469  22 23
 312   333 957  25 16
 313   560 616  27 21
 314   329 829  16 28
 315   22 437  20 14
 316   618 707  23 28
 317   980 974  10 10
 318   416 781  12 22
 319   762 967  18 14
 320   36 338  21 16
 321   721 4  19 20
 322   912 907  28 20
 323   277 23  25 14
 324   617 94  26 17
 325   725 276  23 29
 326   839 881  17 28
 327   646 302  28 13
 328   932 227  22 27
 329   358 660  29 11
 330   923 714  17 22
 331   916 777  29 21
 332   163 312  29 22
 333   970 162  10 16
 334   980 639  19 18
 335   570 705  20 27
 336   153 536  19 16
 337   519 680  27 16
 338   959 924  15 16
 339   86 152  26 28
 340   764 355  18 21
 341   183 725  13 26
 342   769 181  11 23
 343   893 631  13 26
 344   232 280  24 10
 345   508 928  28 16
 346   848 969  21 11
 347   640 841  23 10
 348   390 618  29 22
 349   601 682  28 11
 350   26 200  24 18
 351   667 499  12 17
 352   860 668  18 12
 353   725 468  10 29
 354   770 379  11 23
 355   585 210  24 25
 356   580 634  29 18
 357   553 376  29 19
 358   694 925  23 13
 359   96 310  28 21
 360   847 622  24 16
 361   45 124  18 12
 362   671 798  27 25
 363   583 887  24 27
 364   13 471  16 13
 365   250 567  22 12
 366   578 720  21 21
 367   547 225  28 18
 368   480 86  28 11
 369   469 766  23 15
 370   391 286  13 14
 371   415 526  17 29
 372   839 238  17 14
 373   535 509  15 29
 374   409 884  15 26
 375   502 789  12 20
 376   477 754  14 16
 377   557 453  20 10
 378   807 963  28 24
 379   885 819  14 28
 380   592 342  15 20
 381   684 596  24 24
 382   77 332  14 23
 383   649 917  19 21
 384   415 920  12 29
 385   835 188  21 19
 386   422 588  17 19
 387   8 874  27 16
 388   161 709  20 17
 389   47 653  24 13
 390   844 652  21 19
 391   642 800  28 18
 392   528 314  11 19
 393   328 164  12 17
 394   515 792  22 28
 395   881 771  25 13
 396   187 337  23 20
 397   341 679  28 10
 398   338 149  13 16
 399   174 8  17 10
 400   211 483  28 29
 401   427 324  4 4
 402   643 137  25 14
 403   273 688  14 16
 404   402 532  18 24
 405   333 541  25 18
 406   354 326  23 12
 407   216 819  16 10
 408   449 675  26 11
 409   94 91  12 21
 410   608 957  21 15
 411   187 244  17 23
 412   849 165  20 29
 413   325 536  29 11
 414   453 271  12 23
 415   266 699  6 11
 416   268 248  29 21
 417   705 29  11 13
 418   926 192  23 22
 419   844 850  26 10
 420   100 479  25 18
 421   527 895  26 11
 422   406 677  17 22
 423   375 285  27 13
 424   970 639  24 16
 425   161 714  24 28
 426   26 452  18 24
 427   258 291  3 23
 428   774 698  17 11
 429   138 423  17 12
 430   658 240  21 25
 431   272 711  21 23
 432   436 668  25 11
 433   113 25  12 19
 434   966 632  11 29
 435   424 321  12 16
 436   367 554  29 22
 437   872 779  10 17
 438   531 708  9 8
 439   584 648  28 10
 440   894 377  25 22
 441   528 423  26 10
 442   770 803  10 29
 443   63 984  16 14
 444   823 706  12 13
 445   257 640  15 16
 446   787 921  20 24
 447   406 623  27 15
 448   728 493  21 25
 449   770 619  18 16
 450   597 721  26 22
 451   222 197  13 11
 452   702 590  28 13
 453   25 132  19 26
 454   294 795  23 17
 455   899 638  16 18
 456   613 789  18 14
 457   491 862  29 12
 458   625 42  17 18
 459   2 188  17 26
 460   598 838  10 18
 461   426 236  28 18
 462   136 176  12 25
 463   217 138  21 12
 464   212 151  19 17
 465   202 358  12 17
 466   807 622  17 28
 467   831 15  10 23
 468   117 604  12 25
 469   427 539  16 13
 470   405 354  19 24
 471   845 963  22 26
 472   143 222  21 23
 473   700 879  19 12
 474   776 45  25 28
 475   929 25  22 12
 476   770 802  28 29
 477   398 805  26 27
 478   739 224  19 11
 479   37 361  12 15
 480   779 494  17 27
 481   724 217  20 20
 482   2 96  18 20
 483   642 338  29 21
 484   514 842  26 19
 485   759 238  16 25
 486   469 366  13 15
 487   228 935  20 22
 488   810 373  19 23
 489   268 90  17 15
 490   356 367  4 7
 491   966 209  22 21
 492   93 77  17 27
 493   249 948  22 17
 494   760 915  11 21
 495   294 31  17 26
 496   793 647  15 19
 497   82 64  16 27
 498   681 114  20 25
 499   646 439  28 10
 500   888 511  16 11
 501   766 414  28 11
 502   701 529  14 18
 503   255 289  11 28
 504   632 835  18 26
 505   776 744  24 18
 506   558 855  23 21
 507   384 18  26 29
 508   133 688  11 15
 509   146 511  20 27
 510   203 852  16 27
 511   36 635  13 22
 512   106 702  10 19
 513   180 328  15 28
 514   882 943  22 19
 515   445 249  27 21
 516   47 793  23 15
 517   711 28  12 27
 518   822 60  21 13
 519   475 471  28 20
 520   127 948  15 24
 521   73 777  26 23
 522   581 39  17 16
 523   872 430  11 21
 524   16 938  24 16
 525   727 819  15 28
 526   732 315  20 14
 527   299 837  27 12
 528   547 490  10 15
 529   953 208  29 26
 530   211 193  27 29
 531   176 306  17 26
 532   839 69  29 11
 533   239 5  29 20
 534   692 416  14 12
 535   430 123  14 24
 536   476 588  17 16
 537   173 840  21 11
 538   194 77  19 18
 539   361 746  13 26
 540   405 604  15 22
 541   240 139  16 18
 542   879 629  29 23
 543   353 166  16 13
 544   41 654  22 23
 545   956 141  13 16
 546   536 454  26 26
 547   371 752  16 21
 548   389 414  19 28
 549   157 298  21 11
 550   797 965  26 27
 551   470 164  15 24
 552   935 209  12 16
 553   391 578  25 20
 554   669 430  13 26
 555   387 553  24 23
 556   602 785  29 26
 557   908 971  21 11
 558   879 807  24 22
 559   50 972  13 20
 560   111 265  26 14
 561   112 973  14 15
 562   156 518  14 11
 563   342 690  19 16
 564   152 676  21 10
 565   953 929  10 10
 566   895 277  24 23
 567   106 461  17 27
 568   890 550  18 24
 569   428 230  19 13
 570   401 104  24 21
 571   574 519  17 11
 572   833 240  27 27
 573   612 208  29 24
 574   554 560  25 24
 575   882 858  24 11
 576   890 844  11 12
 577   200 409  16 28
 578   18 295  13 22
 579   163 259  25 26
 580   18 429  16 26
 581   840 626  13 10
 582   798 804  20 24
 583   48 295  20 18
 584   194 43  16 11
 585   969 271  27 16
 586   245 156  16 13
 587   45 45  20 29
 588   75 782  25 24
 589   87 78  12 24
 590   829 197  12 14
 591   83 23  23 12
 592   121 160  21 13
 593   943 951  18 21
 594   425 69  28 17
 595   704 459  11 18
 596   703 492  25 20
 597   588 563  13 10
 598   287 434  11 10
 599   763 360  16 26
 600   258 215  19 11
 601   19 25  20 29
 602   295 648  21 20
 603   749 763  13 24
 604   192 565  24 22
 605   44 637  20 25
 606   740 281  27 13
 607   179 699  23 26
 608   244 592  29 12
 609   464 822  27 20
 610   935 154  21 20
 611   283 237  24 20
 612   391 624  25 12
 613   577 522  15 19
 614   720 675  22 21
 615   241 283  10 26
 616   675 241  16 13
 617   576 351  23 27
 618   156 889  26 16
 619   325 755  22 15
 620   528 539  18 24
 621   540 430  26 17
 622   710 543  16 10
 623   975 849  24 20
 624   492 102  15 17
 625   255 561  18 20
 626   717 266  3 21
 627   259 89  26 24
 628   557 405  27 24
 629   681 18  22 13
 630   158 303  15 21
 631   748 264  21 28
 632   853 630  21 18
 633   692 629  10 25
 634   158 282  15 24
 635   211 864  22 21
 636   872 427  19 19
 637   14 110  14 21
 638   790 689  22 13
 639   747 258  10 23
 640   753 485  21 26
 641   5 307  16 15
 642   664 219  23 20
 643   276 832  22 18
 644   343 674  14 19
 645   414 461  29 26
 646   525 679  20 10
 647   841 874  26 22
 648   163 222  23 10
 649   336 613  17 23
 650   499 623  27 12
 651   596 615  13 16
 652   875 356  20 19
 653   783 509  5 7
 654   874 663  13 17
 655   554 802  24 16
 656   105 537  11 14
 657   449 98  22 26
 658   160 926  13 25
 659   759 686  26 29
 660   3 503  23 24
 661   190 841  12 19
 662   596 603  27 29
 663   46 709  13 19
 664   687 630  26 28
 665   693 250  16 29
 666   162 707  27 19
 667   188 12  25 12
 668   370 752  22 26
 669   495 864  8 5
 670   740 285  19 19
 671   376 796  26 18
 672   699 232  21 23
 673   6 746  13 27
 674   612 247  20 13
 675   397 198  23 15
 676   498 145  4 18
 677   624 437  24 11
 678   466 732  24 10
 679   400 135  26 12
 680   498 249  10 16
 681   271 717  13 21
 682   140 255  12 27
 683   114 689  27 28
 684   645 301  26 23
 685   29 977  23 13
 686   471 792  17 20
 687   683 554  15 17
 688   275 780  18 18
 689   624 309  19 10
 690   217 841  10 29
 691   619 354  29 11
 692   168 318  12 13
 693   688 945  13 15
 694   757 559  12 16
 695   898 876  20 29
 696   231 410  14 13
 697   822 925  16 16
 698   496 140  10 28
 699   156 538  3 11
 700   639 308  18 29
 701   577 21  16 15
 702   360 581  21 21
 703   352 371  10 14
 704   906 159  24 10
 705   948 152  16 15
 706   568 349  12 14
 707   528 498  29 23
 708   391 101  16 12
 709   158 853  29 13
 710   912 562  24 29
 711   774 349  19 21
 712   750 120  28 11
 713   192 566  10 10
 714   101 148  10 29
 715   524 531  22 27
 716   857 97  28 29
 717   826 159  22 11
 718   959 22  17 14
 719   521 670  28 23
 720   103 368  16 20
 721   525 312  23 28
 722   942 393  25 15
 723   274 395  24 14
 724   830 598  22 12
 725   162 391  22 25
 726   319 320  21 20
 727   708 845  10 24
 728   53 147  29 27
 729   712 315  16 12
 730   396 641  29 11
 731   244 498  26 28
 732   950 309  26 11
 733   365 33  3 3
 734   76 97  12 23
 735   943 957  21 21
 736   335 110  11 19
 737   345 163  10 11
 738   340 682  12 17
 739   521 630  19 11
 740   592 302  14 24
 741   101 866  11 21
 742   932 577  17 17
 743   830 533  23 29
 744   756 169  23 12
 745   158 940  12 19
 746   410 550  24 26
 747   782 685  14 13
 748   488 466  22 10
 749   173 16  17 25
 750   658 94  28 28
 751   160 951  7 3
 752   769 835  17 14
 753   598 331  22 15
 754   196 48  18 22
 755   404 679  19 12
 756   880 133  17 24
 757   749 717  11 28
 758   667 790  13 26
 759   740 164  27 28
 760   691 622  22 23
 761   688 716  28 18
 762   597 399  18 13
 763   483 111  18 24
 764   135 148  10 29
 765   559 438  29 23
 766   291 78  16 28
 767   107 544  24 29
 768   391 685  29 21
 769   901 760  21 10
 770   489 80  17 25
 771   871 799  15 18
 772   916 580  17 28
 773   281 513  25 29
 774   340 761  23 21
 775   58 714  13 23
 776   658 246  16 28
 777   363 2  19 23
 778   652 802  12 11
 779   501 937  19 18
 780   387 694  27 21
 781   705 868  24 24
 782   304 85  26 18
 783   765 369  10 10
 784   608 797  10 27
 785   150 281  20 22
 786   32 972  23 21
 787   550 361  20 23
 788   639 93  10 21
 789   584 21  27 27
 790   625 193  22 25
 791   725 962  24 28
 792   122 563  18 20
 793   505 568  15 22
 794   725 676  16 26
 795   281 186  13 10
 796   734 381  24 27
 797   973 454  12 22
 798   161 837  26 11
 799   881 893  22 14
 800   592 887  27 14
 801   436 595  25 19
 802   177 560  21 21
 803   761 555  26 19
 804   470 105  22 11
 805   90 39  7 5
 806   728 868  16 18
 807   558 342  18 26
 808   472 278  21 15
 809   924 337  27 11
 810   599 429  10 21
 811   731 816  12 17
 812   860 193  19 13
 813   3 27  26 24
 814   288 844  11 16
 815   503 631  25 15
 816   713 764  18 25
 817   581 612  23 11
 818   888 228  16 22
 819   983 269  16 21
 820   585 673  21 27
 821   320 893  29 19
 822   583 898  15 18
 823   382 741  24 20
 824   464 339  25 26
 825   245 920  26 27
 826   726 234  14 20
 827   923 465  15 17
 828   382 547  24 14
 829   850 863  20 23
 830   779 791  17 19
 831   784 533  14 20
 832   732 276  16 17
 833   450 780  3 6
 834   696 337  21 14
 835   181 623  29 19
 836   210 312  27 12
 837   671 954  15 25
 838   696 951  20 27
 839   381 680  18 24
 840   632 192  10 17
 841   877 789  21 21
 842   877 469  24 26
 843   553 970  19 14
 844   745 658  13 28
 845   773 974  10 17
 846   877 462  15 23
 847   965 319  20 15
 848   112 921  17 22
 849   754 358  10 27
 850   9 678  13 15
 851   545 931  27 16
 852   368 373  25 21
 853   175 789  26 28
 854   775 363  22 28
 855   44 9  14 15
 856   676 400  16 14
 857   802 818  28 25
 858   969 865  17 21
 859   376 624  21 27
 860   406 197  28 21
 861   461 367  27 17
 862   145 347  24 15
 863   695 886  15 16
 864   230 154  17 21
 865   22 193  10 27
 866   1 206  20 27
 867   630 892  25 24
 868   133 404  18 22
 869   93 876  14 19
 870   313 719  11 18
 871   11 116  16 28
 872   179 696  18 23
 873   830 161  10 6
 874   421 906  26 20
 875   612 600  12 13
 876   794 882  21 23
 877   599 794  13 21
 878   138 506  25 25
 879   666 240  19 16
 880   945 261  26 19
 881   353 799  29 25
 882   41 156  20 22
 883   283 672  16 25
 884   733 952  22 24
 885   786 410  14 14
 886   676 511  11 26
 887   445 589  21 10
 888   144 221  15 15
 889   55 775  20 26
 890   333 279  21 14
 891   891 940  18 13
 892   615 581  10 16
 893   826 581  15 21
 894   848 307  27 26
 895   502 805  18 23
 896   620 24  12 26
 897   395 573  28 20
 898   184 250  10 18
 899   282 208  4 8
 900   918 471  24 18
 901   5 101  26 15
 902   73 435  13 19
 903   523 288  13 24
 904   695 551  17 23
 905   486 968  24 27
 906   293 228  21 20
 907   946 845  22 12
 908   970 152  20 27
 909   753 194  19 23
 910   284 564  13 26
 911   116 30  5 5
 912   696 693  25 16
 913   840 176  10 15
 914   65 52  14 28
 915   300 228  29 26
 916   50 117  21 13
 917   612 381  14 19
 918   835 964  18 24
 919   607 123  15 21
 920   222 420  24 17
 921   306 777  27 20
 922   216 381  25 10
 923   571 244  20 12
 924   936 340  21 20
 925   763 283  22 27
 926   318 273  21 13
 927   194 498  24 23
 928   823 183  22 11
 929   163 706  25 13
 930   961 150  22 27
 931   978 978  13 17
 932   908 829  10 19
 933   4 381  12 24
 934   485 61  26 15
 935   193 628  29 14
 936   945 807  26 14
 937   27 328  28 12
 938   557 459  10 19
 939   509 899  29 20
 940   913 162  10 12
 941   860 97  22 14
 942   178 574  18 26
 943   756 327  25 24
 944   373 675  18 25
 945   405 317  13 15
 946   881 506  16 17
 947   925 721  10 21
 948   756 261  15 24
 949   839 851  23 13
 950   77 441  28 29
 951   883 897  17 3
 952   840 628  25 22
 953   933 205  26 29
 954   503 580  25 26
 955   176 793  26 10
 956   722 302  18 20
 957   678 588  23 15
 958   819 853  23 25
 959   94 542  24 27
 960   294 95  19 23
 961   57 291  19 15
 962   614 851  21 11
 963   105 185  18 16
 964   856 315  12 24
 965   928 593  25 12
 966   582 443  15 11
 967   293 828  15 22
 968   520 539  22 12
 969   158 253  12 28
 970   138 12  27 11
 971   972 508  22 29
 972   394 24  10 12
 973   823 528  25 17
 974   749 670  10 11
 975   377 472  12 13
 976   398 275  18 27
 977   79 330  29 27
 978   795 370  18 16
 979   8 90  20 18
 980   453 727  16 28
 981   60 444  20 28
 982   353 959  22 19
 983   56 820  13 24
 984   376 582  16 18
 985   882 645  21 17
 986   9 345  11 22
 987   483 965  10 17
 988   896 509  10 25
 989   396 409  12 29
 990   8 735  26 12
 991   979 318  13 22
 992   529 976  14 17
 993   816 916  24 19
 994   21 95  28 29
 995   906 619  24 19
 996   95 790  20 15
 997   925 633  14 22
 998   579 261  27 23
 999   264 82  13 18
 1000   802 959  18 10
 1001   358 667  29 26
 1002   294 86  9 10
 1003   520 199  10 23
 1004   754 836  29 25
 1005   33 22  28 25
 1006   509 837  23 12
 1007   461 444  13 23
 1008   89 349  10 21
 1009   586 294  20 29
 1010   453 588  17 12
 1011   965 655  21 23
 1012   460 241  21 17
 1013   463 841  20 18
 1014   78 298  10 22
 1015   455 808  23 26
 1016   854 653  27 15
 1017   904 828  18 14
 1018   445 716  29 21
 1019   840 169  10 23
 1020   409 178  11 21
 1021   853 5  22 18
 1022   527 520  11 28
 1023   191 304  26 19
 1024   878 651  18 25
 1025   937 471  24 12
 1026   716 664  16 14
 1027   201 367  28 18
 1028   21 66  26 10
 1029   133 211  14 19
 1030   505 677  23 26
 1031   726 594  17 21
 1032   421 338  14 18
 1033   619 423  17 10
 1034   751 509  24 15
 1035   349 7  15 10
 1036   502 105  27 11
 1037   861 104  28 10
 1038   963 544  19 12
 1039   111 969  14 26
 1040   795 808  12 19
 1041   40 337  28 27
 1042   219 482  18 29
 1043   756 502  16 28
 1044   805 648  24 19
 1045   102 83  27 28
 1046   656 900  12 18
 1047   453 246  26 15
 1048   74 772  21 13
 1049   974 44  13 13
 1050   563 449  15 24
 1051   891 645  21 21
 1052   470 745  14 28
 1053   40 771  27 19
 1054   648 244  11 13
 1055   58 467  18 18
 1056   841 652  21 17
 1057   47 131  24 23
 1058   706 316  22 22
 1059   817 899  20 14
 1060   329 383  19 29
 1061   542 815  20 14
 1062   959 272  27 27
 1063   902 454  18 26
 1064   68 11  14 15
 1065   159 288  17 10
 1066   460 594  13 11
 1067   159 15  19 24
 1068   811 911  17 18
 1069   570 607  10 24
 1070   525 787  10 19
 1071   567 652  20 15
 1072   915 766  14 25
 1073   869 664  14 24
 1074   829 873  28 11
 1075   425 452  18 10
 1076   395 259  22 10
 1077   759 670  29 19
 1078   148 897  20 20
 1079   279 854  23 26
 1080   360 801  14 6
 1081   483 325  11 25
 1082   728 25  16 22
 1083   176 779  14 15
 1084   881 762  25 29
 1085   844 628  10 27
 1086   931 28  13 3
 1087   921 166  10 22
 1088   651 59  29 22
 1089   221 806  16 23
 1090   935 648  16 25
 1091   564 164  14 28
 1092   140 491  27 25
 1093   741 111  25 26
 1094   29 186  12 24
 1095   424 896  24 28
 1096   181 334  11 29
 1097   826 574  16 25
 1098   496 97  20 14
 1099   85 559  10 20
 1100   667 590  19 26
 1101   766 363  17 27
 1102   943 13  25 16
 1103   320 220  14 29
 1104   397 784  20 17
 1105   873 810  26 20
 1106   881 363  8 4
 1107   523 613  12 29
 1108   885 623  13 26
 1109   127 179  19 14
 1110   137 914  15 16
 1111   168 919  12 23
 1112   713 785  16 13
 1113   193 847  17 25
 1114   498 928  28 12
 1115   705 334  23 12
 1116   43 646  24 22
 1117   266 86  26 19
 1118   45 230  13 21
 1119   138 21  11 18
 1120   411 941  11 11
 1121   918 369  27 22
 1122   40 812  28 23
 1123   486 278  16 18
 1124   317 361  11 15
 1125   316 529  22 12
 1126   744 345  19 27
 1127   635 30  21 14
 1128   289 649  28 19
 1129   158 309  26 29
 1130   177 39  15 29
 1131   601 389  25 23
 1132   470 260  19 16
 1133   880 451  3 6
 1134   47 63  19 16
 1135   515 625  18 29
 1136   394 213  16 12
 1137   950 545  22 19
 1138   437 257  25 26
 1139   551 843  10 20
 1140   299 862  25 24
 1141   326 92  13 19
 1142   916 342  16 16
 1143   172 29  29 26
 1144   540 252  23 15
 1145   647 473  22 11
 1146   123 977  28 13
 1147   563 790  11 17
 1148   11 496  17 10
 1149   686 319  22 15
 1150   749 44  29 14
 1151   313 244  10 25
 1152   138 534  12 10
 1153   831 29  12 18
 1154   765 118  28 19
 1155   952 565  17 21
 1156   672 461  12 22
 1157   631 442  21 10
 1158   287 103  14 10
 1159   154 678  15 3
 1160   65 939  24 13
 1161   490 592  23 19
 1162   64 40  15 13
 1163   226 140  18 19
 1164   775 806  11 21
 1165   591 752  10 16
 1166   144 965  13 21
 1167   915 272  26 23
 1168   134 207  27 16
 1169   190 840  21 22
 1170   565 638  22 27
 1171   853 459  13 27
 1172   595 425  11 11
 1173   634 671  25 10
 1174   710 22  14 14
 1175   244 497  25 11
 1176   693 450  25 25
 1177   788 699  13 23
 1178   935 636  13 16
 1179   778 641  23 28
 1180   132 227  12 18
 1181   427 33  14 20
 1182   306 93  20 4
 1183   912 951  17 27
 1184   271 397  24 18
 1185   891 872  18 29
 1186   748 312  18 24
 1187   68 104  20 28
 1188   331 314  18 17
 1189   900 641  24 17
 1190   705 37  17 14
 1191   771 227  16 18
 1192   903 171  25 11
 1193   424 134  11 20
 1194   658 785  26 22
 1195   480 124  11 19
 1196   16 960  18 16
 1197   807 959  26 13
 1198   382 646  27 29
 1199   369 470  22 24
 1200   757 836  11 29
 1201   102 805  20 28
 1202   290 194  11 29
 1203   784 149  28 27
 1204   625 246  14 11
 1205   860 512  22 26
 1206   913 790  11 17
 1207   101 544  19 14
 1208   609 795  19 10
 1209   353 214  19 10
 1210   107 263  20 10
 1211   935 383  12 28
 1212   488 53  13 14
 1213   134 642  28 12
 1214   140 480  28 16
 1215   208 576  19 14
 1216   588 879  27 26
 1217   388 297  15 16
 1218   886 28  22 28
 1219   753 669  11 21
 1220   390 549  14 29
 1221   977 373  17 25
 1222   484 959  19 25
 1223   675 627  24 13
 1224   291 721  16 24
 1225   648 900  25 18
 1226   877 222  14 10
 1227   192 359  20 16
 1228   800 274  12 12
 1229   580 370  13 11
 1230   623 102  21 19
 1231   515 978  29 10
 1232   793 212  22 24
 1233   927 507  21 16
 1234   340 197  18 26
 1235   29 357  22 14
 1236   137 848  25 10
 1237   475 140  23 27
 1238   203 373  22 24
 1239   237 586  15 16
 1240   712 721  11 18
 1241   313 736  13 23
 1242   561 167  10 28
 1243   194 39  13 20
 1244   756 932  23 20
 1245   130 926  27 20
 1246   115 855  13 18
 1247   546 794  18 26
 1248   662 461  11 19
 1249   188 295  13 26
 1250   204 420  3 12
 1251   899 558  25 15
 1252   226 823  18 27
 1253   708 13  26 24
 1254   695 636  12 25
 1255   314 329  29 16
 1256   777 888  23 16
 1257   248 88  20 26
 1258   753 428  7 5
 1259   742 416  22 29
 1260   832 53  4 3
 1261   963 828  26 22
 1262   63 409  10 24
 1263   97 8  25 20
 1264   510 296  29 16
 1265   357 322  12 21
 1266   332 669  18 22
 1267   274 570  20 10
 1268   690 174  20 25
 1269   667 301  19 10
 1270   922 473  12 28
 1271   109 295  23 11
 1272   705 134  19 21
 1273   971 314  16 28
 1274   484 526  12 13
 1275   349 540  16 20
 1276   801 537  3 4
 1277   845 458  12 16
 1278   639 598  17 13
 1279   729 296  28 28
 1280   16 354  19 28
 1281   477 950  26 11
 1282   859 12  13 23
 1283   373 955  28 24
 1284   897 855  15 26
 1285   420 136  21 19
 1286   43 395  29 22
 1287   567 268  24 13
 1288   93 707  23 21
 1289   224 42  20 25
 1290   312 255  22 17
 1291   363 777  17 23
 1292   545 536  13 27
 1293   912 172  25 21
 1294   9 47  11 15
 1295   791 217  18 10
 1296   565 230  22 11
 1297   29 978  28 14
 1298   391 692  18 22
 1299   413 31  18 15
 1300   186 724  19 15
 1301   642 803  18 22
 1302   766 942  29 20
 1303   377 414  25 11
 1304   404 329  15 21
 1305   64 393  16 27
 1306   578 733  21 25
 1307   466 467  14 16
 1308   495 523  13 16
 1309   776 623  21 17
 1310   349 334  19 13
 1311   407 579  27 23
 1312   759 728  10 18
 1313   653 791  15 12
 1314   162 408  21 21
 1315   386 551  29 10
 1316   354 365  10 15
 1317   906 545  27 19
 1318   865 440  17 27
 1319   964 151  10 12
 1320   360 653  11 13
 1321   539 702  15 26
 1322   883 30  13 26
 1323   592 875  20 25
 1324   522 935  28 10
 1325   383 562  28 23
 1326   886 634  15 29
 1327   851 52  17 15
 1328   835 953  17 13
 1329   44 343  6 3
 1330   85 327  13 15
 1331   333 27  15 24
 1332   107 608  16 18
 1333   695 587  18 16
 1334   435 778  25 13
 1335   562 221  12 16